5437711991161914 05/22 725 05444009802 
4824650373605821 1 2018 306 05465654518
5437711991161914 05/22 725 05444009802
5200 1900 2288 7976 04/22 992
4155 1400 0208 0884 02 / 20 439 05322919204
5406 6924 6845 6010 01 / 21 637
4766 1900 5455 8924 09 / 24 359
4912 0670 0864 1530 10 / 20 009 05320130390 50
5309050042610578 03 696 05444476002
4155 1400 0298 4747 05 / 21 213
5521 0101 9811 0312 12 / 20 572 05322919204
5571134177944746 03 23 156 05068100309
5388 3854 2817 7931 01 / 21 659 
4355 0920 2679 8256 12 / 21 869 05436172671 
4402930021574565 07/19 663 05342005209 
5404350064645179 12/23 728 05342197521  
5549 6062 1359 8023 12 / 25 450 05335202973
4256 6925 0084 5125 10 / 19 239  
5549 6062 1359 8023 12 / 25 450  
4090700143888640 06/22 380 05551659764 
4921 3070 1609 6940 09 / 21 424 053206662157
5454 5454 5454 5454 85 / 55 555
4894580001394107 07/20 705 05323301696
4543600309393521 200072811/23 728
5311 5701 7877 7517 07 / 24 739 01:43 05354943147
4355092026666818 0922 741 05355745334
5549607037255030 12/23 742 05358833620
4132521058226307 0322 332 05434109854
5549604936102025 0821 584
5406681738489661 11/24 089 05330877134 
5571134252886390 0821 833 05511664977
5406681738489661 11/24 089 05330877134
4824 9122 1384 0020 04 / 24 272 05426021303
4506 3470 1212 6765 07 / 20 882 05309578678
4043 0864 0377 9093 01 / 20 988
5549 6026 1204 6011 03 / 20 867 05337310124 
5578 2920 6312 1432 09 / 21 184
5406681738489661 11/24 089 05330877134 
5406681738489661 11/24 089 05330877134
4921307041972511 0420 957 05350130837
5437711424324451 1224 410 
5549 6028 5014 2035 04 / 22 768 05331685808
5311 5701 7877 7517 07 / 24 739 05354943147 
2466 5457 8888 5454 24 / 11 236 05324852643
4446760649939942 04/16 105 05382503499 
5406690225076022 06/20 133 05382503499
4912 0670 0067 5924 04 / 20 438 05345813629
4506349107346563 1120 610 05357761726
5504726556079788 04/24 669 
5235290086089508 11/20 143 05050043386
4543600280508931 10/20 132 05446735090
5458470134427971 04/24 011 05050043386
5218071158718781 0423 979
4043086376339065 0122 872 
5246775145022570 0921 552 05418688686 
4506344137945914 19-02-2020 623 05332114792
4355084109194297 06/22 932 05432846647
5578292055377174 12/20 923 05377877730
5406 6817 4808 6713 05 / 20 360 06426864858
5406 6817 4808 6713 05 / 20 360 06426864858
4043 0856 2570 5019 10 / 20 974
5404350006615348 0722 952 05340605474
5429 6729 0040 2254 01 / 20 939 05358417649
5404350006615348 0722 952 05340605474
5549604824108027 0121 089 05523495008
5578292044426918 1221 492 
5549604824108027 0121 089
4090700161353378 0524 387 05304611979
4506347022408070 0423 042 05304611979
4920940023010487 0323 779  
4506344129793082 08/23 878 05374618712
4506344129793082 08/23 878 05374618712